19
10.2889 8.07323 -66.4919 0 1 0
12.5065 7.81713 -59.0113 0 1 0
14.7376 7.56102 -52.6902 0 1 0
17.4327 7.04882 -48.2769 0 1 0
63.4533 5 -8.77641 0 1 0
72.1026 5 62.9381 0 1 0
-22.2246 7.3694 90.5158 0 1 0
-117.676 67.2673 68.8653 0 1 0
-122.689 90.6573 18.1373 0 1 0
-25.8823 100.692 -21.5742 0 1 0
8.70264 134.526 9.40513 0 1 0
-131.594 123.411 70.642 0 1 0
-118.295 117.854 16.5074 0 1 0
-132.589 133.972 -62.2431 0 1 0
-96.4538 116.94 -60.944 0 1 0
-105.199 103.628 -14.2654 0 1 0
-144.496 94.1543 -8.78134 0 1 0
-116.641 91.6312 -56.3397 0 1 0
-0.682359 9.09764 -96.001 0 1 0
